 0.010229814481820972 0.005833077496601027 0.008004034910749528 0.010481996403666505
 0.01734846862283144 0.01981152281002356 0.03212679374598415 0.02291711287213536
 0.0448704219318912 0.02345255943456843 0.02120368387234954 0.013921610623259799
 0.021968365553602813 0.010764499121265378 0.027240773286467488 0.020650263620386643
 0.002516546291869039 0.005174019176082744 0.0041774668445026045 0.007257719505750308
 0.007347410519363775 0.007961987928598946 0.013484011814562732 0.013539048597479316
 0.002645942887572389 0.00249617253544565 0.0023297610330826066 0.0031618185448978233
 0.005416694401917061 0.0033199094721427145 0.0027790720894628235 0.0019137322771749983
 0.0018929356604735256 0.000783546040303174 0.0006821161321733133 0.0005933649625596851
 0.0011524973311255423 0.0008444039851810904 0.0006770446367668203 0.0004107911279259359
